1.0464218277901227 1.0493667903958865 4.185089440657574 6.050128736572505 2.282887142669215
1.6403756577957789 0.5187021427523871 -1.3095234783629497 7.598042590019498 1.6305374359346616
1.0815705793637052 1.833927427546341 5.003784029327539 2.97287986771539 0.26856165066861304
0.9782663857997478 0.6880712495413938 -3.2576862022488946 7.2726224024246005 2.72169670091762
1.4023495624862106 1.041093690853621 -0.8563657759073404 -7.4175487016779496 5.897257091664034
0.7324422003779428 1.0224275171771282 -7.806712909693275 -5.27912394276165 2.1544597120580873
1.001013159532489 1.2375048312053314 4.726764532325143 -4.897484967890071 1.3183051552480327
0.6187510295408816 1.5747932844014212 -1.0137870642217823 1.8856641356356754 1.400272235662841
0.5871777824593039 0.9674389822060014 -6.34086244829931 -1.1445747495057361 6.22764456630062
0.9690066465531983 0.7556287357694262 2.6195551088855424 -7.889651570455785 3.9878136810922915
1.7045451467508375 1.561165906765091 -7.71546601825473 -6.35166354831126 5.675648629353201
0.9135479403876698 1.7931846924727617 6.561975765676998 -7.11659145609565 2.4867162745095412
