1.1668983351627904 0.9536442479131465 3.4139650381996987 1.605193840879524 0.5731970524643704
0.6142983290172115 1.145550901852313 1.2837172191891835 1.756647197757669 0.7881870214642908
1.5999065981224754 1.7125779397932466 -7.068639200749709 0.6550042725210314 0.8357951206448617
1.3012125604684195 0.9008521188328603 -3.90125168844415 2.075609376192535 0.22716286577301717
1.3356684737280309 0.7374921739750337 7.856649890091294 3.541493670222504 0.9991101552161015
0.9380610629485097 1.4469998290701565 -6.608398965349327 -0.9743841189002005 4.596041780485227
1.00867410472497 0.9852811612685414 3.5687638346571227 1.9114985247779526 2.753296144487781
1.0748180588339697 1.1849859457542955 7.124362003424835 4.08209796309329 4.846705531843873
1.8226382376213486 1.8375728124676503 2.565724861464286 -1.891929758504041 0.6580647611343857
0.6200688521379302 1.2759000705628551 -0.7263671053976033 5.271348774153957 0.9526649072349254
1.9193148303850391 0.8213117401843743 -1.8405514627198958 -3.8564901077326077 3.150602499332094
1.9065023990661418 0.7369653561785474 2.7042830577213373 -2.667866727309331 0.38356390768446313
0.8683071846352791 0.8503465177964792 3.255341900292686 2.9986623877247673 4.3733842164966665
0.8963394507985758 1.9607275126877532 6.591383564367916 -1.82391882747579 0.11167318246931515
1.687846992612474 0.5931010805947063 1.6326779010285488 7.1387077306266775 2.5795602622632
